13.869629 19.336548 17.568970
14.018997 0.227868 17.140907
14.534578 0.232738 17.997734
13.795583 0.839803 17.705570
14.201052 0.441940 16.882588
13.411636 0.562890 16.280762
12.642636 0.545226 15.641757
12.079601 19.785404 15.316701
11.595019 19.168380 14.696650
12.213472 18.987579 13.931910
11.529680 18.580513 14.537489
10.959079 19.289930 14.951184
10.180032 18.946511 15.475730
10.660154 19.414909 16.217408
11.439088 18.869219 15.908404
11.878639 18.034281 16.239575
12.698534 18.594140 16.119866
13.171178 19.395983 16.485456
12.799870 0.180569 15.988912
13.139776 1.041817 15.611134
13.517993 0.124730 15.737244
14.414797 19.783040 15.456192
14.039234 0.014974 16.353499
13.426019 0.320314 15.624984
13.671696 19.772335 14.825384
13.610200 18.783030 14.693119
14.038223 18.394777 13.876997
14.106720 18.100573 12.923712
13.989198 17.446501 12.176465
13.143920 16.948042 11.983996
13.901226 16.370629 12.289091
13.235810 16.262958 11.550424
13.665898 17.131383 11.303721
13.967506 17.967460 10.845456
14.321469 18.215056 9.943565
15.052296 18.827955 9.643156
15.735031 18.097296 9.646130
15.966941 18.855216 10.255864
16.132461 18.112771 9.606727
16.690338 18.840359 9.207492
16.188680 19.698539 9.098558
17.079261 19.527394 8.677161
17.234845 0.402088 9.136187
18.029287 0.941433 8.856959
17.747109 0.110767 9.336927
16.861867 0.575220 9.311803
17.642871 0.075870 8.936725
17.575022 0.363993 9.891911
17.946350 19.716134 10.557038
18.638515 0.428448 10.673295
