1.639276 1.643388 1.762383
18.619471 18.517312 19.979721
1.357422 19.999641 18.409717
18.533955 1.588402 19.993746
0.021341 0.035200 1.510302
1.609918 18.384264 18.625398
0.140457 19.871579 1.400709
19.870192 0.123969 18.602663
18.504903 1.630531 1.376296
1.385167 0.007530 18.486367
18.586274 18.461309 19.976471
1.430994 1.416172 1.541856
18.562305 18.589359 18.585031
1.435483 1.548227 1.422810
18.593725 19.962066 18.597548
1.379093 18.404514 1.396525
18.573978 19.974384 18.578860
1.418765 1.516756 1.552223
18.496512 18.623159 19.969528
19.876695 1.473113 18.522083
0.097474 0.019354 1.360973
1.473250 18.500091 18.510564
18.524287 1.479556 0.014201
0.000342 0.007215 1.606549
1.484763 18.514408 0.008796
18.505877 1.468682 18.494777
0.018169 0.033574 1.389386
1.606116 18.497083 18.615506
0.026120 1.383479 1.407921
18.451421 18.552078 18.582594
1.423424 1.422824 1.549787
18.488851 18.591338 0.081471
0.004529 1.381912 19.913786
1.477418 18.618236 18.486439
18.655016 1.495815 1.370792
1.385481 19.993939 18.494473
18.465911 18.456113 19.971261
19.910226 1.413079 1.524077
0.092529 18.463865 18.592386
1.513849 0.016107 1.564893
18.512553 1.480992 0.010871
19.882192 18.489536 18.438254
0.119969 0.016906 1.422441
1.635639 1.509748 18.638905
0.000421 18.626929 1.508035
18.501638 1.396639 0.004948
1.357207 18.595306 18.497717
18.502269 1.366851 1.366747
19.881544 18.435189 18.436821
0.000164 19.915057 19.931071
