1.652096 1.643445 1.754480
18.618904 18.505158 19.976719
1.356942 0.011619 18.410721
18.528008 1.589625 19.989525
0.021029 0.026762 1.490039
1.588649 18.365361 18.620877
0.146629 19.872026 1.390065
19.856594 0.109123 18.596626
18.506195 1.612516 1.397035
1.387633 0.008268 18.505182
18.558690 18.461363 19.986514
1.430985 1.422274 1.534074
18.564066 18.582556 18.584197
1.441764 1.538916 1.416971
18.609858 19.964730 18.613223
1.392911 18.398692 1.387966
18.570176 19.975425 18.573737
1.438953 1.527423 1.552113
18.469270 18.623088 19.979238
19.877456 1.490638 18.507249
0.117615 0.010370 1.372314
1.478017 18.500864 18.497501
18.527634 1.489978 0.000307
0.006940 0.030560 1.605844
1.496958 18.505396 19.995024
18.515918 1.476459 18.510838
0.015499 0.019199 1.371575
1.582804 18.501200 18.600562
0.021557 1.372411 1.406594
18.468145 18.574856 18.571461
1.424229 1.426001 1.551971
18.505217 18.601741 0.102164
0.008732 1.395907 19.888303
1.487364 18.623408 18.500198
18.638732 1.516617 1.378403
1.369116 0.003758 18.486902
18.458881 18.454491 19.980191
19.911840 1.420550 1.529204
0.079436 18.489792 18.567522
1.519468 0.031739 1.558730
18.503088 1.485353 0.011708
19.873721 18.484791 18.438386
0.128490 0.026691 1.412124
1.616257 1.487641 18.656997
0.030341 18.620787 1.506163
18.493372 1.398456 0.000364
1.347099 18.614194 18.487941
18.516006 1.361961 1.355200
19.878672 18.431821 18.437603
19.989549 19.915458 19.919537
