7.672972 9.911917
7.007582 10.606914
7.562559 11.421445
8.198006 10.656168
9.017597 10.041302
9.296217 9.081761
9.573795 8.117303
10.179849 8.923196
11.002164 8.419688
11.133677 7.450399
10.293981 6.945824
10.158503 5.970786
11.030387 5.432432
11.095500 6.399393
12.076456 6.460029
12.695835 5.678251
13.027072 4.708728
12.248135 4.110617
13.048029 3.501759
13.644180 2.685531
12.761864 2.221905
13.562643 1.575231
14.073934 0.738114
13.563587 19.905104
14.241566 19.164698
15.227632 19.191736
16.198459 18.908549
15.505437 18.148587
15.984628 17.283379
16.111086 16.287801
16.243271 15.287556
17.215282 15.433154
17.336495 14.448333
17.308924 13.479561
16.377566 13.734466
15.348481 13.519003
14.736905 12.765557
15.660791 12.339536
15.374871 11.384852
14.375322 11.366340
13.946960 10.472840
14.538677 9.673166
15.538066 9.798775
16.442297 9.390672
15.602867 8.812484
15.741770 7.829213
15.839078 6.850136
16.796865 6.620517
17.700263 7.114853
17.427278 8.061698
