1.637547 1.619798 1.750903
18.606165 18.517057 19.971862
1.351260 19.997810 18.397567
18.515408 1.588168 19.991071
19.998790 0.030469 1.494115
1.604981 18.391809 18.624807
0.155364 19.864722 1.392809
19.855711 0.124553 18.595635
18.510081 1.610779 1.374776
1.383502 19.995598 18.491603
18.563982 18.466864 19.991655
1.424417 1.437334 1.520615
18.585560 18.578601 18.585052
1.439564 1.557108 1.428881
18.611059 19.964987 18.615169
1.398794 18.413173 1.376238
18.558934 19.987318 18.581686
1.419053 1.527951 1.549333
18.484847 18.619098 19.985929
19.898766 1.469487 18.506466
0.116491 0.022814 1.378481
1.489456 18.506311 18.504302
18.515539 1.474392 19.998262
19.996296 0.020806 1.627520
1.485324 18.513660 19.998049
18.508238 1.465876 18.508829
0.024770 0.029577 1.373553
1.586546 18.510533 18.614985
0.050225 1.382971 1.397779
18.457809 18.566178 18.589282
1.409348 1.424890 1.566089
18.503385 18.600833 0.093404
0.006606 1.376741 19.890606
1.476104 18.633574 18.478121
18.654979 1.495102 1.384026
1.370347 19.999706 18.505329
18.458242 18.450913 19.975692
19.903512 1.406373 1.513609
0.085564 18.479914 18.580718
1.539659 0.037963 1.565146
18.499360 1.500947 19.989004
19.880969 18.468215 18.444830
0.121660 0.039936 1.426779
1.634043 1.507251 18.644754
19.995354 18.623653 1.509445
18.493611 1.375126 19.983020
1.341494 18.618211 18.496434
18.524502 1.372949 1.366863
19.877833 18.447540 18.446676
0.005333 19.920284 19.913347
