1.649449 1.645351 1.764364
18.617620 18.506941 19.979487
1.367052 0.001196 18.399058
18.525925 1.586722 19.981997
0.019500 0.010226 1.511821
1.606240 18.383327 18.610105
0.129582 19.870653 1.386845
19.879398 0.108515 18.614466
18.501968 1.617685 1.379252
1.361515 0.006202 18.496485
18.567921 18.463264 19.977051
1.438817 1.426938 1.514640
18.576863 18.569904 18.587787
1.424878 1.545693 1.447086
18.606743 19.965663 18.613856
1.392131 18.396644 1.394432
18.587054 19.985331 18.579031
1.429562 1.541376 1.538076
18.491190 18.622726 19.978772
19.899698 1.471415 18.511347
0.106253 0.015235 1.376388
1.470261 18.502251 18.504944
18.542876 1.465247 0.018066
19.997665 0.024250 1.616962
1.489206 18.505226 19.997240
18.498447 1.486673 18.482769
19.998010 0.016281 1.372070
1.603502 18.490226 18.610572
0.038067 1.392541 1.409784
18.466635 18.562700 18.569541
1.419003 1.437812 1.537951
18.488109 18.619055 0.105894
0.011122 1.391367 19.889301
1.465228 18.626349 18.502155
18.652481 1.490517 1.366068
1.362117 19.997975 18.506612
18.467342 18.456055 19.966659
19.901688 1.418325 1.510431
0.085498 18.480279 18.570707
1.516114 0.034737 1.547688
18.507069 1.486241 19.999663
19.871472 18.489661 18.433770
0.137749 0.031314 1.407274
1.623391 1.506015 18.639671
0.024245 18.628678 1.512438
18.498233 1.387764 0.000443
1.345935 18.599784 18.488346
18.525917 1.370723 1.366395
19.873908 18.433136 18.443435
19.988299 19.915389 19.924639
