1.658937 1.622439 1.774879
18.584892 18.493610 19.985759
1.405509 19.997584 18.414988
18.481377 1.602425 19.997651
0.010536 0.025606 1.497247
1.607852 18.385199 18.623537
0.157478 19.879817 1.379516
19.846457 0.112179 18.607745
18.562751 1.623051 1.387501
1.313796 0.003522 18.482927
18.604843 18.469269 19.982482
1.423353 1.426271 1.536931
18.584747 18.590148 18.595008
1.421017 1.547336 1.430850
18.609216 19.955762 18.603329
1.369372 18.395404 1.369091
18.573328 19.976579 18.593010
1.424262 1.524989 1.542670
18.491844 18.606944 19.985752
19.877651 1.495858 18.510755
0.112009 0.009745 1.373596
1.465715 18.519993 18.506665
18.528872 1.483787 0.006717
0.006273 0.039893 1.628090
1.480316 18.496980 0.007694
18.514405 1.476299 18.496087
0.009439 0.011169 1.389091
1.590360 18.503290 18.596023
0.045540 1.397851 1.406728
18.448156 18.565855 18.575227
1.425916 1.442717 1.563039
18.490505 18.592557 0.088803
0.003044 1.381245 19.892183
1.470234 18.609094 18.499002
18.628580 1.509609 1.373522
1.387946 19.994742 18.489038
18.459324 18.444465 19.982575
19.896457 1.417071 1.536883
0.088086 18.468144 18.594155
1.517878 0.015630 1.547841
18.498180 1.485693 19.995508
19.877876 18.478929 18.449416
0.121863 0.034857 1.404978
1.622843 1.499753 18.656295
0.014221 18.621839 1.513101
18.485984 1.399167 0.006815
1.335817 18.611816 18.493048
18.500699 1.388863 1.378033
19.881435 18.446024 18.439086
0.006942 19.912794 19.920455
