1.642814 1.640672 1.755661
18.608170 18.499122 19.995214
1.343392 0.014815 18.410811
18.522018 1.608247 19.977362
0.001457 0.021342 1.511216
1.605029 18.378330 18.626617
0.133221 19.886125 1.404111
19.861986 0.114647 18.622415
18.508271 1.613563 1.375524
1.374136 19.994040 18.510263
18.562273 18.455778 19.971367
1.443843 1.420259 1.518199
18.585495 18.593530 18.590758
1.436999 1.548927 1.434498
18.601026 19.967963 18.607247
1.374697 18.393948 1.384114
18.582750 19.973050 18.568770
1.417997 1.541966 1.562103
18.488892 18.626718 19.982374
19.902835 1.492195 18.512752
0.103199 0.007568 1.362634
1.468124 18.507531 18.491779
18.521302 1.469044 0.019341
0.001866 0.019324 1.602395
1.479107 18.500350 0.018240
18.516536 1.468112 18.509476
0.014183 0.018383 1.384196
1.587617 18.485729 18.604029
0.020111 1.401796 1.402005
18.464260 18.579129 18.586676
1.401880 1.446450 1.547581
18.477670 18.614109 0.091605
0.010574 1.400390 19.904787
1.472311 18.607835 18.475002
18.654968 1.510004 1.381793
1.374458 19.984383 18.508611
18.455502 18.435607 19.958555
19.901075 1.417792 1.514487
0.097246 18.469595 18.568867
1.535959 0.029661 1.565251
18.490162 1.485834 19.990528
19.883342 18.474050 18.451580
0.113132 0.023728 1.407674
1.625367 1.508555 18.652915
0.009384 18.615529 1.503014
18.490345 1.393812 0.003511
1.342410 18.601968 18.496191
18.508096 1.381610 1.351915
19.860666 18.439442 18.449477
19.986781 19.929800 19.929120
