7.718497 9.859348
6.984421 10.585171
7.562245 11.417717
8.215786 10.628337
9.021764 10.027201
9.319026 9.056909
9.496675 8.094004
10.161835 8.837754
11.082120 8.483226
11.113274 7.457408
10.252665 6.992371
10.144985 6.002203
10.943183 5.418283
11.088641 6.388286
12.067119 6.424535
12.681650 5.679087
13.010277 4.711607
12.255584 4.079149
13.077931 3.572611
13.643057 2.724904
12.785408 2.202666
13.483123 1.509243
14.163640 0.760878
13.565178 19.971029
14.197441 19.200255
15.179097 19.179797
16.156418 18.902970
15.496107 18.148553
15.969209 17.281356
16.077069 16.306522
16.296166 15.328125
17.303808 15.451401
17.312039 14.444046
17.318679 13.462619
16.361103 13.708947
15.380468 13.555136
14.723537 12.769106
15.694722 12.409216
15.397306 11.471675
14.387815 11.361511
13.918302 10.477520
14.516052 9.693756
15.543306 9.858197
16.437031 9.402566
15.600614 8.814157
15.694651 7.835006
15.863256 6.846682
16.857694 6.549746
17.700104 7.104955
17.428304 8.061427
