1.636788 1.640373 1.758752
18.611138 18.518756 19.973462
1.354706 19.998017 18.400273
18.526352 1.606267 19.985305
0.021432 0.027681 1.492050
1.597767 18.387608 18.618441
0.143133 19.889599 1.392881
19.863065 0.111234 18.611747
18.500481 1.616714 1.395561
1.372351 0.003165 18.496360
18.568784 18.452915 19.985809
1.425710 1.440397 1.527672
18.585482 18.566955 18.591197
1.444332 1.551358 1.434075
18.590493 19.957889 18.614178
1.384644 18.393066 1.381965
18.565124 19.963460 18.590704
1.418562 1.532134 1.565306
18.471818 18.619042 19.975365
19.884353 1.476668 18.507420
0.095827 0.017023 1.371600
1.481166 18.508286 18.488983
18.524486 1.489582 0.008790
0.007491 0.018006 1.627928
1.491699 18.495686 0.007590
18.506784 1.460564 18.489551
0.008276 0.020164 1.369077
1.608673 18.487376 18.612680
0.030275 1.396259 1.395578
18.455629 18.565069 18.567438
1.417336 1.419731 1.552653
18.494400 18.593589 0.081879
0.006209 1.393007 19.900760
1.479524 18.604834 18.487321
18.641771 1.512600 1.385244
1.372388 0.004159 18.485919
18.454180 18.439028 19.965682
19.911423 1.427370 1.512859
0.096937 18.488349 18.582981
1.529823 0.023312 1.569461
18.511476 1.480786 0.003949
19.877123 18.466536 18.438553
0.134026 0.044039 1.415729
1.609931 1.492103 18.662103
0.004402 18.635301 1.507844
18.500242 1.389409 19.985253
1.344473 18.592127 18.496054
18.521635 1.379773 1.376484
19.877202 18.446895 18.433885
19.994528 19.915155 19.914086
