7.722152 9.917161
6.940026 10.618400
7.554027 11.421747
8.214054 10.672621
8.959044 10.043110
9.289802 9.088504
9.544963 8.101619
10.144162 8.896557
11.042373 8.452587
11.157518 7.455033
10.274254 6.948986
10.153219 5.960641
10.991423 5.396695
11.070977 6.382313
12.057287 6.490209
12.679863 5.666802
13.003188 4.721347
12.247233 4.110217
13.064566 3.493634
13.599709 2.655660
12.746636 2.195788
13.557995 1.596639
14.090145 0.749713
13.555902 19.929583
14.228885 19.203176
15.216269 19.197834
16.192842 18.914265
15.521407 18.167457
15.976010 17.267565
16.153942 16.290244
16.221081 15.291768
17.228766 15.439419
17.319865 14.466054
17.343455 13.461765
16.359425 13.693977
15.369110 13.515687
14.752950 12.771959
15.671187 12.396153
15.386760 11.423965
14.362367 11.385150
13.933026 10.468660
14.560403 9.676069
15.545659 9.800678
16.420652 9.373895
15.589955 8.831254
15.709927 7.833672
15.838446 6.855358
16.801664 6.588388
17.708735 7.079606
17.396817 8.044395
